De =

   1.0e+06 *

    1.1111    0.2778    0.2778         0         0         0
    0.2778    1.1111    0.2778         0         0         0
    0.2778    0.2778    1.1111         0         0         0
         0         0         0    0.8333         0         0
         0         0         0         0    0.8333         0
         0         0         0         0         0    0.8333