>> linearelastic

stress =

   -0.0056
   -0.0222
   -0.0056
         0
         0
         0


stress =

   -0.0111
   -0.0444
   -0.0111
   -0.0000
         0
         0


stress =

   -0.0167
   -0.0667
   -0.0167
    0.0000
         0
         0